/* #Vylovo
$[
	1.061,
	["gear_menu",[[0,0,1,1],0.025,0.04,"GUI_GRID"],3,0],
	[1800,"",[0,"",[0.0125,0.02,0.4625,0.86],[-1,-1,-1,-1],[-1,-1,-1,-1],[-1,-1,-1,-1],"","-1"],[]],
	[2400,"helmet_b",[0,"Back",[0.025,0.04,0.1125,0.06],[-1,-1,-1,-1],[-1,-1,-1,-1],[-1,-1,-1,-1],"","-1"],[]],
	[2401,"backpack_b",[0,"Back",[0.025,0.12,0.1125,0.06],[-1,-1,-1,-1],[-1,-1,-1,-1],[-1,-1,-1,-1],"","-1"],[]],
	[2402,"cloths_b",[0,"Back",[0.025,0.2,0.1125,0.06],[-1,-1,-1,-1],[-1,-1,-1,-1],[-1,-1,-1,-1],"","-1"],[]],
	[2403,"vest_b",[0,"Back",[0.025,0.28,0.1125,0.06],[-1,-1,-1,-1],[-1,-1,-1,-1],[-1,-1,-1,-1],"","-1"],[]],
	[2404,"weapons_b",[0,"Back",[0.025,0.36,0.1125,0.06],[-1,-1,-1,-1],[-1,-1,-1,-1],[-1,-1,-1,-1],"","-1"],[]],
	[2405,"helmet_f",[0,"Next",[0.325,0.04,0.1125,0.06],[-1,-1,-1,-1],[-1,-1,-1,-1],[-1,-1,-1,-1],"","-1"],[]],
	[2406,"backpack_f",[0,"Next",[0.325,0.12,0.1125,0.06],[-1,-1,-1,-1],[-1,-1,-1,-1],[-1,-1,-1,-1],"","-1"],[]],
	[2407,"cloths_f",[0,"Next",[0.325,0.2,0.1125,0.06],[-1,-1,-1,-1],[-1,-1,-1,-1],[-1,-1,-1,-1],"","-1"],[]],
	[2408,"vest_f",[0,"Next",[0.325,0.28,0.1125,0.06],[-1,-1,-1,-1],[-1,-1,-1,-1],[-1,-1,-1,-1],"","-1"],[]],
	[2409,"weapons_f",[0,"Next",[0.325,0.36,0.1125,0.06],[-1,-1,-1,-1],[-1,-1,-1,-1],[-1,-1,-1,-1],"","-1"],[]],
	[1000,"",[0,"Helmet",[0.1875,0.02,0.1,0.1],[-1,-1,-1,-1],[-1,-1,-1,-1],[-1,-1,-1,-1],"","-1"],[]],
	[1001,"",[0,"Backpack",[0.1875,0.1,0.1,0.1],[-1,-1,-1,-1],[-1,-1,-1,-1],[-1,-1,-1,-1],"","-1"],[]],
	[1002,"",[0,"Clothes",[0.1875,0.18,0.1,0.1],[-1,-1,-1,-1],[-1,-1,-1,-1],[-1,-1,-1,-1],"","-1"],[]],
	[1003,"",[0,"Vest",[0.1875,0.26,0.1,0.1],[-1,-1,-1,-1],[-1,-1,-1,-1],[-1,-1,-1,-1],"","-1"],[]],
	[1004,"",[0,"Weapons",[0.1875,0.34,0.1,0.1],[-1,-1,-1,-1],[-1,-1,-1,-1],[-1,-1,-1,-1],"","-1"],[]],
	[2410,"ammo_b",[0,"Back",[0.025,0.44,0.1125,0.06],[-1,-1,-1,-1],[-1,-1,-1,-1],[-1,-1,-1,-1],"","-1"],[]],
	[2411,"ammo_f",[0,"Next",[0.325,0.44,0.1125,0.06],[-1,-1,-1,-1],[-1,-1,-1,-1],[-1,-1,-1,-1],"","-1"],[]],
	[1005,"",[0,"Ammo",[0.1875,0.42,0.1,0.1],[-1,-1,-1,-1],[-1,-1,-1,-1],[-1,-1,-1,-1],"","-1"],[]],
	[2412,"optic_b",[0,"Back",[0.025,0.52,0.1125,0.06],[-1,-1,-1,-1],[-1,-1,-1,-1],[-1,-1,-1,-1],"","-1"],[]],
	[1006,"",[0,"Optic",[0.1875,0.5,0.1,0.1],[-1,-1,-1,-1],[-1,-1,-1,-1],[-1,-1,-1,-1],"","-1"],[]],
	[2413,"optic_f",[0,"Next",[0.325,0.52,0.1125,0.06],[-1,-1,-1,-1],[-1,-1,-1,-1],[-1,-1,-1,-1],"","-1"],[]],
	[2414,"attachment_b",[0,"Back",[0.025,0.6,0.1125,0.06],[-1,-1,-1,-1],[-1,-1,-1,-1],[-1,-1,-1,-1],"","-1"],[]],
	[2415,"attachment_f",[0,"Next",[0.325,0.6,0.1125,0.06],[-1,-1,-1,-1],[-1,-1,-1,-1],[-1,-1,-1,-1],"","-1"],[]],
	[1007,"",[0,"Attachment",[0.1625,0.58,0.125,0.1],[-1,-1,-1,-1],[-1,-1,-1,-1],[-1,-1,-1,-1],"","-1"],[]],
	[2416,"muzzle_b",[0,"Back",[0.025,0.68,0.1125,0.06],[-1,-1,-1,-1],[-1,-1,-1,-1],[-1,-1,-1,-1],"","-1"],[]],
	[2417,"muzzle_f",[0,"Next",[0.325,0.68,0.1125,0.06],[-1,-1,-1,-1],[-1,-1,-1,-1],[-1,-1,-1,-1],"","-1"],[]],
	[1008,"",[0,"Muzzle",[0.1875,0.66,0.0875,0.08],[-1,-1,-1,-1],[-1,-1,-1,-1],[-1,-1,-1,-1],"","-1"],[]],
	[2418,"",[0,"Close",[0.3375,0.8,0.1125,0.06],[-1,-1,-1,-1],[-1,-1,-1,-1],[-1,-1,-1,-1],"","-1"],[]]
]
*/

